255 255 255 255 255 255 255 255 255 255 255 255 255 255 255 255
255 255 255 255 255 255 255 255 255 255 255 255 255 255 255 255
255 255 255 255 255 255 255 255 255 255 255 255 255 255 255 255
255 255 255 255 255 112 216 119 255 202 116 124 253 255 255 255
255 255 255 255 255 124 255 255 255 255 255 101 126 255 255 255
255 255 255 255 255 127 119 189 255 122 255 252 255 255 255 255
255 255 255 255 255 255 112 253 255 118 124 255 255 255 255 255
255 255 255 255 255 255 124  98 138 251 124 251 255 255 255 255
255 255 255  75  76 107 255 255 255 255 252 212 255 255 255 255
255 255 255  90 255  75 115 113 112 113 116 104 255 255 255 255
255 255 255 255 255  96 104 255 255 255 126 119 255 255 255 255
255 255 255 255 255 141 122 254 255 248 121 111 255 255 255 255
255 255 255 255 255 255 125 255 255 115 124 255 255 255 255 255
255 255 255 255 255 254 231 229 230 231 229 255 255 255 255 255
255 255 255 255 255 255 255 255 255 255 255 255 255 255 255 255
255 255 255 255 255 255 255 255 255 255 255 255 255 255 255 255
179 179 179 179 179 179 179 179 179 179 179 179 179 179 179 179
179 179 179 179 179 179 179 179 179 179 179 179 179 179 179 179
179 179 179 179 179 179 179 179 179 179 179 179 179 179 179 179
179 179 179 179 179   0 167  17 252 158   0  84 179 179 179 179
179 179 179 179 179  84 253 255 255 255 255   0  83 179 179 179
179 179 179 179 179   4  85 168 255  85 255 255 179 179 179 179
179 179 179 179 179 241   1 255 241   1  84 255 179 179 179 179
179 179 179 179 179 255  84   6  50 255  84 255 179 179 179 179
179 179 178 121 157   3 255 255 255 255 255 182 179 179 179 179
179 179 179  33 179 223  10   0   0   0  60   4 179 179 179 179
179 179 179 179 179   6   9 255 255 255  85  58 179 179 179 179
179 179 179 179 179  82  84 255 255 255  84   1 179 179 179 179
179 179 179 179 179 254  84 254 255   0  84 255 179 179 179 179
179 179 179 179 179 179 143 143 143 142 143 180 179 179 179 179
179 179 179 179 179 179 179 179 179 179 179 179 179 179 179 179
179 179 179 179 179 179 179 179 179 179 179 179 179 179 179 179
130 130 130 130 130 130 130 130 130 130 130 130 130 130 130 130
130 130 130 130 130 130 130 130 130 130 130 130 130 130 130 130
130 130 130 130 130 130 130 130 130 130 130 130 130 130 130 130
130 130 130 130 130   3 171   4 252 156   0  96 128 130 130 130
130 130 130 130 130  96 255 255 255 255 255   2  94 130 130 130
130 130 130 130 130  13  96 171 255  95 255 254 130 130 130 130
130 130 130 130 130 241   2 253 239   0  96 255 130 130 130 130
130 130 130 130 130 255  96  11  50 254  96 252 130 130 130 130
130 130 132  47  63   0 255 255 255 255 252 181 130 130 130 130
130 130 130   0 130  94  12   1   0   0  68   4 130 130 130 130
130 130 130 130 130  10  15 255 255 255  98  67 130 130 130 130
130 130 130 130 130  99  96 255 255 255  96   1 130 130 130 130
130 130 130 130 130 255  96 255 254   0  96 250 130 130 130 130
130 130 130 130 130 129 102 104 103 104 102 129 130 130 130 130
130 130 130 130 130 130 130 130 130 130 130 130 130 130 130 130
130 130 130 130 130 130 130 130 130 130 130 130 130 130 130 130

255 255 255 255 255 255 255 255 255 255 255 255 255 255 255 255
255 255 255 255 255 255 255 255 255 255 255 255 255 255 255 255
255 255 255 255 255 255 255 255 255 255 255 255 255 255 255 255
255 255 255 253 126 255 255 255 255 255 255 255 255 255 255 255
255 255 255 124 101 252 255 251 212 104 119 111 255 255 255 255
255 255 255 116 255 255 124 124 252 116 126 121 124 229 255 255
255 255 255 202 255 122 118 251 255 113 255 248 115 231 255 255
255 255 255 255 255 255 255 138 255 112 255 255 255 230 255 255
255 255 255 119 255 189 253  98 255 113 255 254 255 229 255 255
255 255 255 216 255 119 112 124 255 115 104 122 125 231 255 255
255 255 255 112 124 127 255 255 107  75  96 141 255 254 255 255
255 255 255 255 255 255 255 255  76 255 255 255 255 255 255 255
255 255 255 255 255 255 255 255  75  90 255 255 255 255 255 255
255 255 255 255 255 255 255 255 255 255 255 255 255 255 255 255
255 255 255 255 255 255 255 255 255 255 255 255 255 255 255 255
255 255 255 255 255 255 255 255 255 255 255 255 255 255 255 255
179 179 179 179 179 179 179 179 179 179 179 179 179 179 179 179
179 179 179 179 179 179 179 179 179 179 179 179 179 179 179 179
179 179 179 179 179 179 179 179 179 179 179 179 179 179 179 179
179 179 179 179  83 179 179 179 179 179 179 179 179 179 179 179
179 179 179  84   0 255 255 255 182   4  58   1 255 180 179 179
179 179 179   0 255 255  84  84 255  60  85  84  84 143 179 179
179 179 179 158 255  85   1 255 255   0 255 255   0 142 179 179
179 179 179 252 255 255 241  50 255   0 255 255 255 143 179 179
179 179 179  17 255 168 255   6 255   0 255 255 254 143 179 179
179 179 179 167 253  85   1  84 255  10   9  84  84 143 179 179
179 179 179   0  84   4 241 255   3 223   6  82 254 179 179 179
179 179 179 179 179 179 179 179 157 179 179 179 179 179 179 179
179 179 179 179 179 179 179 179 121  33 179 179 179 179 179 179
179 179 179 179 179 179 179 179 178 179 179 179 179 179 179 179
179 179 179 179 179 179 179 179 179 179 179 179 179 179 179 179
179 179 179 179 179 179 179 179 179 179 179 179 179 179 179 179
130 130 130 130 130 130 130 130 130 130 130 130 130 130 130 130
130 130 130 130 130 130 130 130 130 130 130 130 130 130 130 130
130 130 130 130 130 130 130 130 130 130 130 130 130 130 130 130
130 130 130 128  94 130 130 130 130 130 130 130 130 130 130 130
130 130 130  96   2 254 255 252 181   4  67   1 250 129 130 130
130 130 130   0 255 255  96  96 252  68  98  96  96 102 130 130
130 130 130 156 255  95   0 254 255   0 255 255   0 104 130 130
130 130 130 252 255 255 239  50 255   0 255 255 254 103 130 130
130 130 130   4 255 171 253  11 255   1 255 255 255 104 130 130
130 130 130 171 255  96   2  96 255  12  15  96  96 102 130 130
130 130 130   3  96  13 241 255   0  94  10  99 255 129 130 130
130 130 130 130 130 130 130 130  63 130 130 130 130 130 130 130
130 130 130 130 130 130 130 130  47   0 130 130 130 130 130 130
130 130 130 130 130 130 130 130 132 130 130 130 130 130 130 130
130 130 130 130 130 130 130 130 130 130 130 130 130 130 130 130
130 130 130 130 130 130 130 130 130 130 130 130 130 130 130 130

255 255 255 255 255 255 255 255 255 255 255 255 255 255 255 255
255 255 255 255 255 255 255 255 255 255 255 255 255 255 255 255
255 255 255 254 226 209 214 222 219 212 226 252 255 255 255 255
255 255 255 253 185 151 154 238 197 134 212 235 255 255 255 255
255 255 255 255 150 121 210 255 226 126 168 245 255 255 255 255
255 255 255 254 126 144 230 214 220 145 157 254 253 254 255 255
255 255 255 255 167 138 146 152 148 139 137 217 148 252 255 255
255 255 255 253 201 231 242 197 225 238 203 135 129 220 255 255
255 255 255 216 221 158 196 150 178 164 220 222 249 250 255 255
255 255 255 205 233 140 142 206 192 125 213 252 255 255 255 255
255 255 254 214 226 199 161 236 203 181 212 249 255 255 255 255
255 255 252 153 157 248 253 254 254 210 132 228 255 255 255 255
255 255 254 185 147 184 242 247 211 171 180 249 255 255 255 255
255 255 255 254 245 252 252 252 253 252 253 255 255 255 255 255
255 255 255 255 255 255 255 255 255 255 255 255 255 255 255 255
255 255 255 255 255 255 255 255 255 255 255 255 255 255 255 255
179 179 179 179 179 179 179 179 179 179 179 179 179 179 179 179
179 179 179 179 179 179 179 179 179 179 179 179 179 179 179 179
179 179 179 178 148 132 133 147 142 133 149 175 179 179 179 179
179 179 179 177 141 113  96 227 164  85 177 158 179 179 179 179
179 179 179 179  69  61 182 255 209  66 105 168 179 179 179 179
179 179 179 178  53  98 221 204 208 114  94 178 178 178 179 179
179 179 179 179  90  86  91  96  95  80 113 146 107 176 179 179
179 179 179 177 148 215 235 165 206 226 162 108  80 150 179 179
179 179 179 136 203 129 173  79 126 134 192 141 172 173 179 179
179 179 179 123 225 104  91 179 162  58 177 176 179 179 179 179
179 179 178 138 207 183 134 231 189 159 167 172 179 179 179 179
179 179 176  99 112 244 253 254 254 185  77 152 179 179 179 179
179 179 178 110  95 123 217 227 162 117 121 172 179 179 179 179
179 179 179 177 169 176 176 176 177 176 177 179 179 179 179 179
179 179 179 179 179 179 179 179 179 179 179 179 179 179 179 179
179 179 179 179 179 179 179 179 179 179 179 179 179 179 179 179
130 130 130 130 130 130 130 130 130 130 130 130 130 130 130 130
130 130 130 130 130 130 130 130 130 130 130 130 130 130 130 130
130 130 130 129 110 102 100 116 109  99 111 127 130 130 130 130
130 130 130 128 140 121  99 226 165  93 172 116 130 130 130 130
130 130 130 130  61  70 183 255 210  73  97 122 130 130 130 130
130 130 130 129  56 105 223 207 211 104  78 129 128 129 130 130
130 130 130 130  76  93  96 100 100  83  69 103  59 127 130 130
130 130 130 128 137 215 236 206 209 227 147  63  45 105 130 130
130 130 130 101 204 138 179 109 127 142 186 103 125 126 130 130
130 130 130  94 227 114  98 180 165  65 167 127 130 130 130 130
130 130 129 104 207 188 142 232 193 166 156 125 130 130 130 130
130 130 128  95 117 244 253 254 254 186  83 114 130 130 130 130
130 130 129  90  95 112 205 215 147 109 106 125 130 130 130 130
130 130 130 129 124 128 128 128 129 128 128 130 130 130 130 130
130 130 130 130 130 130 130 130 130 130 130 130 130 130 130 130
130 130 130 130 130 130 130 130 130 130 130 130 130 130 130 130

255 255 255 255 255 255 255 255 255 255 255 255 255 255 255 255
255 255 255 255 255 255 255 255 255 255 255 255 255 255 255 255
255 255 255 255 255 255 252 221 251 255 255 255 255 255 255 255
255 255 255 255 255 254 149 129 249 255 255 255 255 255 255 255
255 255 253 236 246 255 218 136 223 253 249 229 250 255 255 255
255 255 227 212 169 157 138 203 221 214 212 133 181 253 255 255
255 255 213 135 127 145 139 238 164 125 182 211 171 253 255 255
255 255 220 198 226 220 149 225 178 193 204 254 212 254 255 255
255 255 223 239 255 215 152 198 151 207 237 255 248 253 255 255
255 255 214 154 210 230 147 243 196 143 162 253 242 253 255 255
255 255 210 152 122 144 139 231 158 141 199 248 184 252 255 255
255 255 227 186 151 127 167 202 221 233 226 157 147 246 255 255
255 255 254 253 255 254 255 253 217 206 215 154 185 254 255 255
255 255 255 255 255 255 255 255 255 255 255 253 255 255 255 255
255 255 255 255 255 255 255 255 255 255 255 255 255 255 255 255
255 255 255 255 255 255 255 255 255 255 255 255 255 255 255 255
179 179 179 179 179 179 179 179 179 179 179 179 179 179 179 179
179 179 179 179 179 179 179 179 179 179 179 179 179 179 179 179
179 179 179 179 179 179 177 151 174 179 179 179 179 179 179 179
179 179 179 179 179 178 107  81 172 179 179 179 179 179 179 179
179 179 176 158 169 179 146 108 142 176 173 153 173 179 179 179
179 179 150 178 105  95 114 163 193 177 168  78 122 177 179 179
179 179 133  85  66 114  81 227 135  59 160 185 117 177 179 179
179 179 142 165 210 208  95 207 126 162 189 254 162 178 179 179
179 179 148 227 255 204  97 166  80 180 231 255 227 177 179 179
179 179 133  97 183 221  92 236 174  91 134 253 217 177 179 179
179 179 133 114  62  98  87 215 129 105 183 244 124 176 179 179
179 179 149 142  70  54  90 148 203 225 207 112  96 169 179 179
179 179 178 177 179 178 179 177 136 124 138  99 111 178 179 179
179 179 179 179 179 179 179 179 179 179 179 176 178 179 179 179
179 179 179 179 179 179 179 179 179 179 179 179 179 179 179 179
179 179 179 179 179 179 179 179 179 179 179 179 179 179 179 179
130 130 130 130 130 130 130 130 130 130 130 130 130 130 130 130
130 130 130 130 130 130 130 130 130 130 130 130 130 130 130 130
130 130 130 130 130 130 128 106 126 130 130 130 130 130 130 130
130 130 130 130 130 129  59  45 125 130 130 130 130 130 130 130
130 130 128 117 122 130 103  63 104 128 126 114 126 130 130 130
130 130 112 173  98  78  70 147 186 167 156  83 107 129 130 130
130 130 100  93  73 104  84 227 142  65 166 187 109 129 130 130
130 130 109 165 211 211 101 209 127 165 194 254 148 129 130 130
130 130 117 227 255 208 101 207 109 181 233 255 216 128 130 130
130 130 100  99 184 223  97 236 180  98 143 253 206 128 130 130
130 130 103 122  70 106  94 216 138 114 188 244 113 128 130 130
130 130 111 141  62  56  76 138 204 227 207 117  95 124 130 130
130 130 129 129 130 129 130 128 102  94 105  96  90 129 130 130
130 130 130 130 130 130 130 130 130 130 130 128 130 130 130 130
130 130 130 130 130 130 130 130 130 130 130 130 130 130 130 130
130 130 130 130 130 130 130 130 130 130 130 130 130 130 130 130
